     BetaBinom X.Chart Laney.Chart P.Chart
0.1      107.8    96.5        96.5    96.5
0.12     128.0    67.6        65.8    65.8
0.14     146.9    39.9        41.6    41.6
0.16      44.3    35.9        35.9    35.9
0.18      33.2    23.3        23.3    23.3
0.2       25.8    17.4        17.4    17.4
0.22      20.1    20.7        20.7    20.7
0.24      22.1    20.5        20.5    20.5
0.26      13.7    13.6        13.6    13.6
0.28      20.6    17.7        18.8    18.8
0.3       17.0    16.9        16.9    16.9
